00000011
00101100
00110100
01000110
01111100
10011010
01100100
01010100
10111010
10110101
10000111
11110010
00011101
11001111
11100100
01111011
01000111
10111110
01010000
10110110
01011100
01010101
11100010
01111101
01000001
11011010
00110000
11110111
11000001
11101100
11010000
10011000
00110101
00101011
11100111
11001110
01111010
01000100
10110010
10000000
01011001
00101111
00110001
10001001
01001001
00111110
00100010
00111001
10110111
01011011
11101001
11101111
11000100
00011111
10101111
11011001
01110010
01001010
01110100
10111111
01010011
11110101
10000110
01011010
01010001
10111101
01001100
01110110
01001011
01110111
11010010
10010101
11111110
10101110
01111001
10001110
00101110
00110010
01000011
01111111
00000101
00101101
00110011
11100001
11001100
11011011
10101001
00000000
00010110
11101110
11000111
01110011
01001111
11001010
11100011
11010001
10011001
00101000
01000101
10010010
00111011
00100101
11010011
11101000
10111001
11111111
00010011
10001100
00001001
10100000
00001011
10000100
00111010
00100110
11010111
11000000
11101011
11011101
00011010
10111000
01011110
10110000
10011101
11001011
11100000
11000010
01101110
00010000
01010110
10111100
11001000
00100100
00111100
11011110
11011111
10101010
11110110
00000100
01100111
00011100
10001000
01010010
01001110
01110000
00100011
00111101
11101101
11000110
00010010
11110001
00101010
00110110
00000001
10101000
00111000
10100110
11011100
11111000
10011111
01000000
01111110
00000110
00001110
10010100
10000010
01110001
01001101
11010110
00110111
01100001
10000011
00001111
01011111
10110011
11110100
10010111
11111001
00011000
10101100
01101010
01011101
10110001
11111101
00001100
01101101
11101010
11000011
10001010
00101001
11111100
00011110
00010101
00011011
11100110
11001101
10010110
01101100
10011110
10001111
00000010
01101111
00010111
00001000
10100001
10001011
00011001
10100101
11011000
10100010
11100101
01001000
10001101
01100011
11010101
00100001
00111111
01010111
10111011
10100011
11010100
01100101
10000001
10010001
01111000
01000010
10010011
10010000
01100110
11110000
01110101
10101011
01011000
01101000
00000111
11111011
01100000
01101001
00100111
10011011
00010001
00010100
01100010
11000101
10011100
00001101
10100111
00100000
11111010
10100100
10000101
10101101
11001001
00001010
